SBT-raytracer 1.0

camera {
  position=( 0,0,0 );
  viewdir=( 0,0,-1 );
  updir=( 0,1,0 );
  fov=45;
}

ambient_light {
  color=( 0,0,0 );
}

point_light {
  position=( 2.58453,0.737545,-1.70587 );
  colour=( 0.631513,0.625613,1 );
  constant_attenuation_coeff=0.25;
  linear_attenuation_coeff=0.00337241;
  quadratic_attenuation_coeff=4.5492e-05;
}

point_light {
  position=( -3.75668,0.211676,-0.213584 );
  colour=( 1,0.507951,0.490585 );
  constant_attenuation_coeff=0.25;
  linear_attenuation_coeff=0.00337241;
  quadratic_attenuation_coeff=4.5492e-05;
}

directional_light {
  direction=( 0.0565968,-0.902445,-8.49114 );
  color=( 1,1,1 );
}

trimesh {
  points=(
    ( -0.932911,4.3215,-18.0161 ),
    ( -0.914246,2.482,-18.8009 ),
    ( -2.02029,1.81864,-17.2723 ),
    ( -0.932911,4.3215,-18.0161 ),
    ( -2.02029,1.81864,-17.2723 ),
    ( -2.03895,3.65814,-16.4875 ),
    ( 11.3976,1.2154,-10.4422 ),
    ( 10.2916,0.552037,-8.91356 ),
    ( 10.3102,-1.28747,-9.69833 ),
    ( 11.3976,1.2154,-10.4422 ),
    ( 10.3102,-1.28747,-9.69833 ),
    ( 11.4163,-0.62411,-11.2269 ),
    ( -0.932911,4.3215,-18.0161 ),
    ( 11.3976,1.2154,-10.4422 ),
    ( 11.4163,-0.62411,-11.2269 ),
    ( -0.932911,4.3215,-18.0161 ),
    ( 11.4163,-0.62411,-11.2269 ),
    ( -0.914246,2.482,-18.8009 ),
    ( -2.03895,3.65814,-16.4875 ),
    ( -2.02029,1.81864,-17.2723 ),
    ( 10.3102,-1.28747,-9.69833 ),
    ( -2.03895,3.65814,-16.4875 ),
    ( 10.3102,-1.28747,-9.69833 ),
    ( 10.2916,0.552037,-8.91356 ),
    ( -0.932911,4.3215,-18.0161 ),
    ( -2.03895,3.65814,-16.4875 ),
    ( 10.2916,0.552037,-8.91356 ),
    ( -0.932911,4.3215,-18.0161 ),
    ( 10.2916,0.552037,-8.91356 ),
    ( 11.3976,1.2154,-10.4422 ),
    ( -0.914246,2.482,-18.8009 ),
    ( 11.4163,-0.62411,-11.2269 ),
    ( 10.3102,-1.28747,-9.69833 ),
    ( -0.914246,2.482,-18.8009 ),
    ( 10.3102,-1.28747,-9.69833 ),
    ( -2.02029,1.81864,-17.2723 )
  );
  faces=(
    ( 0,1,2 ),
    ( 3,4,5 ),
    ( 6,7,8 ),
    ( 9,10,11 ),
    ( 12,13,14 ),
    ( 15,16,17 ),
    ( 18,19,20 ),
    ( 21,22,23 ),
    ( 24,25,26 ),
    ( 27,28,29 ),
    ( 30,31,32 ),
    ( 33,34,35 )
  );
  material={
    ambient=( 0.2,0.2,0.2 );
    diffuse=( 0.7,0.7,0.7 );
    shininess=25.6;
  }
};

trimesh {
  points=(
    ( -1.75211,0.49124,-6.74309 ),
    ( -1.67023,0.501356,-6.97528 ),
    ( -2.99725,-2.02651,-7.55342 ),
    ( -1.75211,0.49124,-6.74309 ),
    ( -2.99725,-2.02651,-7.55342 ),
    ( -3.07913,-2.03663,-7.32123 ),
    ( -1.5486,0.369212,-6.67664 ),
    ( -2.87563,-2.15865,-7.25477 ),
    ( -2.79375,-2.14854,-7.48697 ),
    ( -1.5486,0.369212,-6.67664 ),
    ( -2.79375,-2.14854,-7.48697 ),
    ( -1.46672,0.379327,-6.90883 ),
    ( -1.75211,0.49124,-6.74309 ),
    ( -1.5486,0.369212,-6.67664 ),
    ( -1.46672,0.379327,-6.90883 ),
    ( -1.75211,0.49124,-6.74309 ),
    ( -1.46672,0.379327,-6.90883 ),
    ( -1.67023,0.501356,-6.97528 ),
    ( -3.07913,-2.03663,-7.32123 ),
    ( -2.99725,-2.02651,-7.55342 ),
    ( -2.79375,-2.14854,-7.48697 ),
    ( -3.07913,-2.03663,-7.32123 ),
    ( -2.79375,-2.14854,-7.48697 ),
    ( -2.87563,-2.15865,-7.25477 ),
    ( -1.75211,0.49124,-6.74309 ),
    ( -3.07913,-2.03663,-7.32123 ),
    ( -2.87563,-2.15865,-7.25477 ),
    ( -1.75211,0.49124,-6.74309 ),
    ( -2.87563,-2.15865,-7.25477 ),
    ( -1.5486,0.369212,-6.67664 ),
    ( -1.67023,0.501356,-6.97528 ),
    ( -1.46672,0.379327,-6.90883 ),
    ( -2.79375,-2.14854,-7.48697 ),
    ( -1.67023,0.501356,-6.97528 ),
    ( -2.79375,-2.14854,-7.48697 ),
    ( -2.99725,-2.02651,-7.55342 )
  );
  faces=(
    ( 0,1,2 ),
    ( 3,4,5 ),
    ( 6,7,8 ),
    ( 9,10,11 ),
    ( 12,13,14 ),
    ( 15,16,17 ),
    ( 18,19,20 ),
    ( 21,22,23 ),
    ( 24,25,26 ),
    ( 27,28,29 ),
    ( 30,31,32 ),
    ( 33,34,35 )
  );
  material={
    ambient=( 0.2,0.2,0.2 );
    diffuse=( 0.5,0,0 );
    shininess=25.6;
  }
};

trimesh {
  points=(
    ( -1.91583,-0.238955,-6.34024 ),
    ( -1.85791,-0.0243503,-6.4466 ),
    ( -1.71136,-1.34782,-9.0374 ),
    ( -1.91583,-0.238955,-6.34024 ),
    ( -1.71136,-1.34782,-9.0374 ),
    ( -1.76929,-1.56242,-8.93105 ),
    ( -1.67665,-0.285119,-6.30313 ),
    ( -1.53009,-1.6086,-8.89393 ),
    ( -1.47217,-1.394,-9.00029 ),
    ( -1.67665,-0.285119,-6.30313 ),
    ( -1.47217,-1.394,-9.00029 ),
    ( -1.61872,-0.0705198,-6.40948 ),
    ( -1.91583,-0.238955,-6.34024 ),
    ( -1.67665,-0.285119,-6.30313 ),
    ( -1.61872,-0.0705198,-6.40948 ),
    ( -1.91583,-0.238955,-6.34024 ),
    ( -1.61872,-0.0705198,-6.40948 ),
    ( -1.85791,-0.0243503,-6.4466 ),
    ( -1.76929,-1.56242,-8.93105 ),
    ( -1.71136,-1.34782,-9.0374 ),
    ( -1.47217,-1.394,-9.00029 ),
    ( -1.76929,-1.56242,-8.93105 ),
    ( -1.47217,-1.394,-9.00029 ),
    ( -1.53009,-1.6086,-8.89393 ),
    ( -1.91583,-0.238955,-6.34024 ),
    ( -1.76929,-1.56242,-8.93105 ),
    ( -1.53009,-1.6086,-8.89393 ),
    ( -1.91583,-0.238955,-6.34024 ),
    ( -1.53009,-1.6086,-8.89393 ),
    ( -1.67665,-0.285119,-6.30313 ),
    ( -1.85791,-0.0243503,-6.4466 ),
    ( -1.61872,-0.0705198,-6.40948 ),
    ( -1.47217,-1.394,-9.00029 ),
    ( -1.85791,-0.0243503,-6.4466 ),
    ( -1.47217,-1.394,-9.00029 ),
    ( -1.71136,-1.34782,-9.0374 )
  );
  faces=(
    ( 0,1,2 ),
    ( 3,4,5 ),
    ( 6,7,8 ),
    ( 9,10,11 ),
    ( 12,13,14 ),
    ( 15,16,17 ),
    ( 18,19,20 ),
    ( 21,22,23 ),
    ( 24,25,26 ),
    ( 27,28,29 ),
    ( 30,31,32 ),
    ( 33,34,35 )
  );
  material={
    ambient=( 0.2,0.2,0.2 );
    diffuse=( 0,0.5,0 );
    shininess=25.6;
  }
};

trimesh {
  points=(
    ( -1.86445,0.0965636,-6.55706 ),
    ( -1.73275,0.226252,-6.72001 ),
    ( -0.278176,-2.18548,-7.46374 ),
    ( -1.86445,0.0965636,-6.55706 ),
    ( -0.278176,-2.18548,-7.46374 ),
    ( -0.409884,-2.31517,-7.30079 ),
    ( -1.69642,0.144305,-6.38325 ),
    ( -0.241858,-2.26742,-7.12699 ),
    ( -0.11015,-2.13774,-7.28994 ),
    ( -1.69642,0.144305,-6.38325 ),
    ( -0.11015,-2.13774,-7.28994 ),
    ( -1.56472,0.273993,-6.54621 ),
    ( -1.86445,0.0965636,-6.55706 ),
    ( -1.69642,0.144305,-6.38325 ),
    ( -1.56472,0.273993,-6.54621 ),
    ( -1.86445,0.0965636,-6.55706 ),
    ( -1.56472,0.273993,-6.54621 ),
    ( -1.73275,0.226252,-6.72001 ),
    ( -0.409884,-2.31517,-7.30079 ),
    ( -0.278176,-2.18548,-7.46374 ),
    ( -0.11015,-2.13774,-7.28994 ),
    ( -0.409884,-2.31517,-7.30079 ),
    ( -0.11015,-2.13774,-7.28994 ),
    ( -0.241858,-2.26742,-7.12699 ),
    ( -1.86445,0.0965636,-6.55706 ),
    ( -0.409884,-2.31517,-7.30079 ),
    ( -0.241858,-2.26742,-7.12699 ),
    ( -1.86445,0.0965636,-6.55706 ),
    ( -0.241858,-2.26742,-7.12699 ),
    ( -1.69642,0.144305,-6.38325 ),
    ( -1.73275,0.226252,-6.72001 ),
    ( -1.56472,0.273993,-6.54621 ),
    ( -0.11015,-2.13774,-7.28994 ),
    ( -1.73275,0.226252,-6.72001 ),
    ( -0.11015,-2.13774,-7.28994 ),
    ( -0.278176,-2.18548,-7.46374 )
  );
  faces=(
    ( 0,1,2 ),
    ( 3,4,5 ),
    ( 6,7,8 ),
    ( 9,10,11 ),
    ( 12,13,14 ),
    ( 15,16,17 ),
    ( 18,19,20 ),
    ( 21,22,23 ),
    ( 24,25,26 ),
    ( 27,28,29 ),
    ( 30,31,32 ),
    ( 33,34,35 )
  );
  material={
    ambient=( 0.2,0.2,0.2 );
    diffuse=( 0,0,0.5 );
    shininess=25.6;
  }
};

trimesh {
  points=(
    ( 1.18736,1.9727,-8.44728 ),
    ( 1.19151,1.56401,-8.62163 ),
    ( 0.945777,1.41664,-8.28202 ),
    ( 1.18736,1.9727,-8.44728 ),
    ( 0.945777,1.41664,-8.28202 ),
    ( 0.94163,1.82532,-8.10767 ),
    ( 1.55754,1.87945,-8.2199 ),
    ( 1.31181,1.73207,-7.88029 ),
    ( 1.31596,1.32339,-8.05464 ),
    ( 1.55754,1.87945,-8.2199 ),
    ( 1.31596,1.32339,-8.05464 ),
    ( 1.56169,1.47076,-8.39425 ),
    ( 1.18736,1.9727,-8.44728 ),
    ( 1.55754,1.87945,-8.2199 ),
    ( 1.56169,1.47076,-8.39425 ),
    ( 1.18736,1.9727,-8.44728 ),
    ( 1.56169,1.47076,-8.39425 ),
    ( 1.19151,1.56401,-8.62163 ),
    ( 0.94163,1.82532,-8.10767 ),
    ( 0.945777,1.41664,-8.28202 ),
    ( 1.31596,1.32339,-8.05464 ),
    ( 0.94163,1.82532,-8.10767 ),
    ( 1.31596,1.32339,-8.05464 ),
    ( 1.31181,1.73207,-7.88029 ),
    ( 1.18736,1.9727,-8.44728 ),
    ( 0.94163,1.82532,-8.10767 ),
    ( 1.31181,1.73207,-7.88029 ),
    ( 1.18736,1.9727,-8.44728 ),
    ( 1.31181,1.73207,-7.88029 ),
    ( 1.55754,1.87945,-8.2199 ),
    ( 1.19151,1.56401,-8.62163 ),
    ( 1.56169,1.47076,-8.39425 ),
    ( 1.31596,1.32339,-8.05464 ),
    ( 1.19151,1.56401,-8.62163 ),
    ( 1.31596,1.32339,-8.05464 ),
    ( 0.945777,1.41664,-8.28202 )
  );
  faces=(
    ( 0,1,2 ),
    ( 3,4,5 ),
    ( 6,7,8 ),
    ( 9,10,11 ),
    ( 12,13,14 ),
    ( 15,16,17 ),
    ( 18,19,20 ),
    ( 21,22,23 ),
    ( 24,25,26 ),
    ( 27,28,29 ),
    ( 30,31,32 ),
    ( 33,34,35 )
  );
  material={
    ambient=( 0.2,0.2,0.2 );
    diffuse=( 0.46,0.47,0.09 );
    transmissive=( 0.8,0.8,0.8 );
    shininess=25.6;
  }
};

trimesh {
  points=(
    ( 1.10802,1.69368,-8.98916 ),
    ( 1.11614,0.89262,-9.33091 ),
    ( 0.634485,0.60374,-8.66524 ),
    ( 1.10802,1.69368,-8.98916 ),
    ( 0.634485,0.60374,-8.66524 ),
    ( 0.626357,1.4048,-8.32349 ),
    ( 1.83362,1.5109,-8.54346 ),
    ( 1.35196,1.22202,-7.87779 ),
    ( 1.36009,0.420958,-8.21954 ),
    ( 1.83362,1.5109,-8.54346 ),
    ( 1.36009,0.420958,-8.21954 ),
    ( 1.84175,0.709837,-8.88522 ),
    ( 1.10802,1.69368,-8.98916 ),
    ( 1.83362,1.5109,-8.54346 ),
    ( 1.84175,0.709837,-8.88522 ),
    ( 1.10802,1.69368,-8.98916 ),
    ( 1.84175,0.709837,-8.88522 ),
    ( 1.11614,0.89262,-9.33091 ),
    ( 0.626357,1.4048,-8.32349 ),
    ( 0.634485,0.60374,-8.66524 ),
    ( 1.36009,0.420958,-8.21954 ),
    ( 0.626357,1.4048,-8.32349 ),
    ( 1.36009,0.420958,-8.21954 ),
    ( 1.35196,1.22202,-7.87779 ),
    ( 1.10802,1.69368,-8.98916 ),
    ( 0.626357,1.4048,-8.32349 ),
    ( 1.35196,1.22202,-7.87779 ),
    ( 1.10802,1.69368,-8.98916 ),
    ( 1.35196,1.22202,-7.87779 ),
    ( 1.83362,1.5109,-8.54346 ),
    ( 1.11614,0.89262,-9.33091 ),
    ( 1.84175,0.709837,-8.88522 ),
    ( 1.36009,0.420958,-8.21954 ),
    ( 1.11614,0.89262,-9.33091 ),
    ( 1.36009,0.420958,-8.21954 ),
    ( 0.634485,0.60374,-8.66524 )
  );
  faces=(
    ( 0,1,2 ),
    ( 3,4,5 ),
    ( 6,7,8 ),
    ( 9,10,11 ),
    ( 12,13,14 ),
    ( 15,16,17 ),
    ( 18,19,20 ),
    ( 21,22,23 ),
    ( 24,25,26 ),
    ( 27,28,29 ),
    ( 30,31,32 ),
    ( 33,34,35 )
  );
  material={
    ambient=( 0.2,0.2,0.2 );
    diffuse=( 0.09,0.44,0.45 );
    transmissive=( 0.6,0.6,0.6 );
    shininess=25.6;
  }
};

trimesh {
  points=(
    ( 0.921306,1.1816,-9.9855 ),
    ( 0.937398,-0.650889,-10.7866 ),
    ( -0.16947,-1.32627,-9.26382 ),
    ( 0.921306,1.1816,-9.9855 ),
    ( -0.16947,-1.32627,-9.26382 ),
    ( -0.185562,0.50623,-8.46276 ),
    ( 2.58701,0.750521,-8.9659 ),
    ( 1.48015,0.0751479,-7.44316 ),
    ( 1.49624,-1.75735,-8.24422 ),
    ( 2.58701,0.750521,-8.9659 ),
    ( 1.49624,-1.75735,-8.24422 ),
    ( 2.60311,-1.08197,-9.76696 ),
    ( 0.921306,1.1816,-9.9855 ),
    ( 2.58701,0.750521,-8.9659 ),
    ( 2.60311,-1.08197,-9.76696 ),
    ( 0.921306,1.1816,-9.9855 ),
    ( 2.60311,-1.08197,-9.76696 ),
    ( 0.937398,-0.650889,-10.7866 ),
    ( -0.185562,0.50623,-8.46276 ),
    ( -0.16947,-1.32627,-9.26382 ),
    ( 1.49624,-1.75735,-8.24422 ),
    ( -0.185562,0.50623,-8.46276 ),
    ( 1.49624,-1.75735,-8.24422 ),
    ( 1.48015,0.0751479,-7.44316 ),
    ( 0.921306,1.1816,-9.9855 ),
    ( -0.185562,0.50623,-8.46276 ),
    ( 1.48015,0.0751479,-7.44316 ),
    ( 0.921306,1.1816,-9.9855 ),
    ( 1.48015,0.0751479,-7.44316 ),
    ( 2.58701,0.750521,-8.9659 ),
    ( 0.937398,-0.650889,-10.7866 ),
    ( 2.60311,-1.08197,-9.76696 ),
    ( 1.49624,-1.75735,-8.24422 ),
    ( 0.937398,-0.650889,-10.7866 ),
    ( 1.49624,-1.75735,-8.24422 ),
    ( -0.16947,-1.32627,-9.26382 )
  );
  faces=(
    ( 0,1,2 ),
    ( 3,4,5 ),
    ( 6,7,8 ),
    ( 9,10,11 ),
    ( 12,13,14 ),
    ( 15,16,17 ),
    ( 18,19,20 ),
    ( 21,22,23 ),
    ( 24,25,26 ),
    ( 27,28,29 ),
    ( 30,31,32 ),
    ( 33,34,35 )
  );
  material={
    ambient=( 0.2,0.2,0.2 );
    diffuse=( 0.46,0.14,0.44 );
    transmissive=( 0.4,0.4,0.4 );
    shininess=25.6;
  }
};

trimesh {
  points=(
    ( -2.03183,2.14446,-17.7295 ),
    ( -2.02917,1.88178,-17.8416 ),
    ( -10.4558,-3.17215,-6.19561 ),
    ( -2.03183,2.14446,-17.7295 ),
    ( -10.4558,-3.17215,-6.19561 ),
    ( -10.4584,-2.90947,-6.08354 ),
    ( 10.6627,-1.05334,-9.93198 ),
    ( 2.2361,-6.10728,1.71401 ),
    ( 2.23877,-6.36996,1.60194 ),
    ( 10.6627,-1.05334,-9.93198 ),
    ( 2.23877,-6.36996,1.60194 ),
    ( 10.6654,-1.31602,-10.044 ),
    ( -2.03183,2.14446,-17.7295 ),
    ( 10.6627,-1.05334,-9.93198 ),
    ( 10.6654,-1.31602,-10.044 ),
    ( -2.03183,2.14446,-17.7295 ),
    ( 10.6654,-1.31602,-10.044 ),
    ( -2.02917,1.88178,-17.8416 ),
    ( -10.4584,-2.90947,-6.08354 ),
    ( -10.4558,-3.17215,-6.19561 ),
    ( 2.23877,-6.36996,1.60194 ),
    ( -10.4584,-2.90947,-6.08354 ),
    ( 2.23877,-6.36996,1.60194 ),
    ( 2.2361,-6.10728,1.71401 ),
    ( -2.03183,2.14446,-17.7295 ),
    ( -10.4584,-2.90947,-6.08354 ),
    ( 2.2361,-6.10728,1.71401 ),
    ( -2.03183,2.14446,-17.7295 ),
    ( 2.2361,-6.10728,1.71401 ),
    ( 10.6627,-1.05334,-9.93198 ),
    ( -2.02917,1.88178,-17.8416 ),
    ( 10.6654,-1.31602,-10.044 ),
    ( 2.23877,-6.36996,1.60194 ),
    ( -2.02917,1.88178,-17.8416 ),
    ( 2.23877,-6.36996,1.60194 ),
    ( -10.4558,-3.17215,-6.19561 )
  );
  faces=(
    ( 0,1,2 ),
    ( 3,4,5 ),
    ( 6,7,8 ),
    ( 9,10,11 ),
    ( 12,13,14 ),
    ( 15,16,17 ),
    ( 18,19,20 ),
    ( 21,22,23 ),
    ( 24,25,26 ),
    ( 27,28,29 ),
    ( 30,31,32 ),
    ( 33,34,35 )
  );
  material={
    ambient=( 0.2,0.2,0.2 );
    diffuse=( 0.3,0.3,0.3 );
    specular=( 0.6,0.6,0.6 );
    reflective=( 0.6,0.6,0.6 );
    shininess=128;
  }
};

